0 0 0 0 0 0 0 0 0 0 0 


0 126 244 353 458 557 639 704 765 843 953 


0 234 463 685 900 1105 1290 1441 1565 1693 1863 


0 351 688 1016 1335 1641 1933 2192 2412 2615 2847 


0 471 917 1355 1790 2208 2608 2977 3308 3618 3942 


0 593 1158 1711 2260 2791 3302 3783 4230 4656 5095 


0 704 1382 2046 2707 3355 3981 4572 5128 5663 6222 


0 803 1579 2344 3112 3872 4611 5314 5981 6627 7306 


0 891 1757 2622 3495 4360 5212 6034 6813 7572 8368 


0 987 1933 2881 3854 4831 5799 6735 7628 8491 9401 


0 1124 2175 3212 4280 5363 6445 7495 8502 9480 10515 


